## 문제

오른쪽 곱셈표에서 어두운 부분에 있는 수들의 총합은?

$$ \begin{array}{c|c|c|c|c|c|c|c|c|c} \hline \times & 1 & 2 & 3 & 4 & 5 & 6 & 7 & 8 & 9 \\ \hline 1 & 1 & 2 & 3 & 4 & 5 & 6 & 7 & 8 & 9 \\ \hline 2 & 2 & 4 & 6 & 8 & 10 & 12 & 14 & 16 & 18 \\ \hline 3 & 3 & 6 & 9 & 12 & 15 & 18 & 21 & 24 & 27 \\ \hline 4 & 4 & 8 & 12 & 16 & 20 & 24 & 28 & 32 & 36 \\ \hline 5 & 5 & 10 & 15 & 20 & 25 & 30 & 35 & 40 & 45 \\ \hline 6 & 6 & 12 & 18 & 24 & 30 & 36 & 42 & 48 & 54 \\ \hline 7 & 7 & 14 & 21 & 28 & 35 & 42 & 49 & 56 & 63 \\ \hline 8 & 8 & 16 & 24 & 32 & 40 & 48 & 56 & 64 & 72 \\ \hline 9 & 9 & 18 & 27 & 36 & 45 & 54 & 63 & 72 & 81 \\ \hline \end{array} $$

## 보기

① $1080$   ② $1155$   ③ $1240$   ④ $1325$   ⑤ $1400$

## 풀이

곱셈표에서 $k$ 번째 행의 수들의 합은
$k+2k+ \cdots +9k = k(1+2+ \cdots +9)=45k$ 이므로 곱셈표 전체의 수들의 총합은
$\sum_{k=1}^{9} 45k = 45 \sum_{k=1}^{9} k = 45^{2}$ 이다.

$\sum_{k=1}^{9} k^{2} = \frac{9 \times 10 \times 19}{6} = 285$ 이고 대각선 아래의 어두운 부분에 있는 수들의 총합은
$\frac{1}{2} (45^{2}-285) = 870$ 이다. 따라서 어두운 부분에 있는 수들의 총합은
$870+285=1155$ 이다.

[다른풀이]
어두운 부분의 제 $k$ 번째 행에 있는 수들의 합은
$k(1+2+ \cdots +k) = \frac{k^{3}+k^{2}}{2}$
따라서 구하는 합은
$\sum_{k=1}^{9} \frac{k^{3}+k^{2}}{2} = \frac{1}{2} \sum_{k=1}^{9} (k^{3}+k^{2}) = 1155$

정답: ②